[team.jpg]
filters=Holga=1,70.000000,14.035088,24.561403;
moddate=807dcbba0bb9ce01
width=1600
height=585
textactive=0
